1 0 2.0 2.0
1 1 2.13 2.03
1 2 2.26 2.06
1 3 2.39 2.09
1 4 2.53 2.12
1 5 2.66 2.15
1 6 2.79 2.18
1 7 2.92 2.21
1 8 3.05 2.24
1 9 3.18 2.27
1 10 3.31 2.3
1 11 3.44 2.33
1 12 3.58 2.36
1 13 3.71 2.39
1 14 3.84 2.42
1 15 3.97 2.45
1 16 4.1 2.48
1 17 4.23 2.52
1 18 4.36 2.55
1 19 4.49 2.58
1 20 4.63 2.61
1 21 4.76 2.64
1 22 4.89 2.67
1 23 5.02 2.7
1 24 5.15 2.73
1 25 5.28 2.76
1 26 5.41 2.79
1 27 5.55 2.82
1 28 5.68 2.85
1 29 5.81 2.88
1 30 5.94 2.91
1 31 6.07 2.94
1 32 6.2 2.97
1 33 6.33 3.0
1 34 6.46 3.03
1 35 6.6 3.06
1 36 6.73 3.09
1 37 6.86 3.12
1 38 6.99 3.15
1 39 7.12 3.18
1 40 7.25 3.21
1 41 7.38 3.24
1 42 7.52 3.27
1 43 7.65 3.3
1 44 7.78 3.33
1 45 7.91 3.36
1 46 8.04 3.39
1 47 8.17 3.42
1 48 8.3 3.45
1 49 8.43 3.48
1 50 8.57 3.52
1 51 8.7 3.55
1 52 8.83 3.58
1 53 8.96 3.61
1 54 9.09 3.64
1 55 9.22 3.67
1 56 9.35 3.7
1 57 9.48 3.73
1 58 9.62 3.76
1 59 9.75 3.79
1 60 9.88 3.82
1 61 10.01 3.85
1 62 10.14 3.88
1 63 10.27 3.91
1 64 10.4 3.94
1 65 10.54 3.97
1 66 10.67 4.0
1 67 10.8 4.03
1 68 10.93 4.06
1 69 11.06 4.09
1 70 11.19 4.12
1 71 11.32 4.15
1 72 11.45 4.18
1 73 11.59 4.21
1 74 11.72 4.24
1 75 11.85 4.27
1 76 11.98 4.3
1 77 12.11 4.33
1 78 12.24 4.36
1 79 12.37 4.39
1 80 12.51 4.42
1 81 12.64 4.45
1 82 12.77 4.48
1 83 12.9 4.52
1 84 13.03 4.55
1 85 13.16 4.58
1 86 13.29 4.61
1 87 13.42 4.64
1 88 13.56 4.67
1 89 13.69 4.7
1 90 13.82 4.73
1 91 13.95 4.76
1 92 14.08 4.79
1 93 14.21 4.82
1 94 14.34 4.85
1 95 14.47 4.88
1 96 14.61 4.91
1 97 14.74 4.94
1 98 14.87 4.97
1 99 15.0 5.0
2 0 15.0 5.0
2 1 14.87 4.97
2 2 14.74 4.94
2 3 14.61 4.91
2 4 14.47 4.88
2 5 14.34 4.85
2 6 14.21 4.82
2 7 14.08 4.79
2 8 13.95 4.76
2 9 13.82 4.73
2 10 13.69 4.7
2 11 13.56 4.67
2 12 13.42 4.64
2 13 13.29 4.61
2 14 13.16 4.58
2 15 13.03 4.55
2 16 12.9 4.52
2 17 12.77 4.48
2 18 12.64 4.45
2 19 12.51 4.42
2 20 12.37 4.39
2 21 12.24 4.36
2 22 12.11 4.33
2 23 11.98 4.3
2 24 11.85 4.27
2 25 11.72 4.24
2 26 11.59 4.21
2 27 11.45 4.18
2 28 11.32 4.15
2 29 11.19 4.12
2 30 11.06 4.09
2 31 10.93 4.06
2 32 10.8 4.03
2 33 10.67 4.0
2 34 10.54 3.97
2 35 10.4 3.94
2 36 10.27 3.91
2 37 10.14 3.88
2 38 10.01 3.85
2 39 9.88 3.82
2 40 9.75 3.79
2 41 9.62 3.76
2 42 9.48 3.73
2 43 9.35 3.7
2 44 9.22 3.67
2 45 9.09 3.64
2 46 8.96 3.61
2 47 8.83 3.58
2 48 8.7 3.55
2 49 8.57 3.52
2 50 8.43 3.48
2 51 8.3 3.45
2 52 8.17 3.42
2 53 8.04 3.39
2 54 7.91 3.36
2 55 7.78 3.33
2 56 7.65 3.3
2 57 7.52 3.27
2 58 7.38 3.24
2 59 7.25 3.21
2 60 7.12 3.18
2 61 6.99 3.15
2 62 6.86 3.12
2 63 6.73 3.09
2 64 6.6 3.06
2 65 6.46 3.03
2 66 6.33 3.0
2 67 6.2 2.97
2 68 6.07 2.94
2 69 5.94 2.91
2 70 5.81 2.88
2 71 5.68 2.85
2 72 5.55 2.82
2 73 5.41 2.79
2 74 5.28 2.76
2 75 5.15 2.73
2 76 5.02 2.7
2 77 4.89 2.67
2 78 4.76 2.64
2 79 4.63 2.61
2 80 4.49 2.58
2 81 4.36 2.55
2 82 4.23 2.52
2 83 4.1 2.48
2 84 3.97 2.45
2 85 3.84 2.42
2 86 3.71 2.39
2 87 3.58 2.36
2 88 3.44 2.33
2 89 3.31 2.3
2 90 3.18 2.27
2 91 3.05 2.24
2 92 2.92 2.21
2 93 2.79 2.18
2 94 2.66 2.15
2 95 2.53 2.12
2 96 2.39 2.09
2 97 2.26 2.06
2 98 2.13 2.03
2 99 2.0 2.0
